4.710325178085835174e-01
5.045341387532082944e-01
5.045564187195170636e-01
4.782875514841318232e-01
4.763719567286728851e-01
4.581268970013271380e-01
3.258320555039267430e-01
5.011643111683634633e-01
4.774387464537848125e-01
4.598629600550789842e-01
4.781075207667472293e-01
4.799735776866728143e-01
4.472646542216255350e-01
4.908736497036393920e-01
4.388850196547001703e-01
4.724117666616071687e-01
4.881926832952149242e-01
5.074947308071402485e-01
5.069275991479782473e-01
4.743367790840143372e-01
4.690301781932648129e-01
4.679476330257736350e-01
5.029577365847747172e-01
5.063082243485469425e-01
4.801937394857739849e-01
4.924266588571175052e-01
4.559275103112440664e-01
4.639987537241223592e-01
4.629139187326534177e-01
4.850546203840966353e-01
4.640894437999856237e-01
4.841950889694174864e-01
4.689163043685515286e-01
4.883977541595171945e-01
4.959144837987651266e-01
5.000311725632667903e-01
4.722846277366888335e-01
5.302731853204205592e-01
4.918251938108419430e-01
4.748511329481892029e-01
4.901889868298090480e-01
5.253186882094642574e-01
4.850902419261652332e-01
4.801679323814702638e-01
4.245589617988906328e-01
4.703067825114402023e-01
4.967400271729297545e-01
4.758926629194568658e-01
4.735591512232909528e-01
5.050726181799743975e-01
5.223540358781330051e-01
4.954886734086320632e-01
5.123273977745275154e-01
5.172140899362549504e-01
5.104499422389663366e-01
5.452514496423069845e-01
5.016448874813485004e-01
4.995487008190226397e-01
5.159012826074887981e-01
5.220041292658611498e-01
5.278154859341549487e-01
5.165481965021219146e-01
4.888472004854049757e-01
5.408378814539475110e-01
5.253687237243968022e-01
5.296387065979594189e-01
5.246363843216769185e-01
5.166597331664525283e-01
5.084311911941661322e-01
5.257350338573565374e-01
5.499603537144973631e-01
5.028381949100335646e-01
5.180019854099776611e-01
5.134276113272511211e-01
5.246491058837818855e-01
5.278335084114046394e-01
5.398199848225395669e-01
5.192062142937382552e-01
5.431552478881882529e-01
4.989275109393309648e-01
4.869891408870720695e-01
5.561847900725391813e-01
5.214514917903947389e-01
5.390672639870321969e-01
5.165609728564405367e-01
5.294112225603351263e-01
5.296495580744892129e-01
5.187232470816152130e-01
5.222813904206917712e-01
5.276460499095034784e-01
4.984882000632226973e-01
5.118461528253241966e-01
5.098853553148947615e-01
5.126320154550666475e-01
5.211136079311226021e-01
5.218221338402834197e-01
5.263686994551279863e-01
5.206714775570215892e-01
5.313480653890398919e-01
5.103828669182537414e-01
