4.530912308042446268e-01
4.936301810711936078e-01
4.759073663418998401e-01
4.736056080612571773e-01
4.651300973648361259e-01
4.847568163533961805e-01
4.732553753522630302e-01
4.550733134082769471e-01
4.738553312364658932e-01
4.800603230912652841e-01
4.514604356355592096e-01
4.848866544651969090e-01
4.708502171951437498e-01
4.662485574536530675e-01
4.443524213140629398e-01
5.018959916335379301e-01
4.917621602716001350e-01
4.372110917982453548e-01
4.760197844409496115e-01
4.747774725666486506e-01
4.781560118730319164e-01
4.485746924634766430e-01
4.616140036487195175e-01
4.685393545662678849e-01
4.902967105101365686e-01
4.909561089411286772e-01
4.946069699957426069e-01
5.003580515689277641e-01
4.836302169804964080e-01
4.717303748872841984e-01
4.804329411677332184e-01
5.192151293724053263e-01
5.168565878576475425e-01
4.859832256002658002e-01
4.731992659329984363e-01
4.554251071409352036e-01
4.667969354910627700e-01
4.637268950839034676e-01
4.658120980118013454e-01
4.895944440474260251e-01
4.752117963659633348e-01
4.539737821076724744e-01
4.830760858558749704e-01
4.804867358479413264e-01
4.607454136517442067e-01
4.932695283461881464e-01
4.894009886144304322e-01
4.697544829280768663e-01
4.407121469353495469e-01
4.718307289214677125e-01
5.303535559466933114e-01
5.327852737015231765e-01
5.414320654457783766e-01
5.030535451328852492e-01
5.077629062552797556e-01
5.001396563988973476e-01
4.813421586499344595e-01
5.022478729020941612e-01
5.366288456728726119e-01
5.504683420813378802e-01
5.089921896475531060e-01
5.473554346886059241e-01
5.209476124447666168e-01
5.142424639029050670e-01
4.912859252316841840e-01
5.378693304164948730e-01
5.180912613061472438e-01
5.438850366425809213e-01
5.377163037401800905e-01
4.978403603931449428e-01
5.332214876928141889e-01
5.412915768133916838e-01
5.620996421083812589e-01
5.321517969116095204e-01
5.086642046980629495e-01
5.086592650798285042e-01
5.397406323792490745e-01
5.336328639606739976e-01
5.232717752059441452e-01
5.189037454122591431e-01
4.916957629837557242e-01
5.245008780194609921e-01
5.061713548466730828e-01
5.160401538014357525e-01
5.515547724276131936e-01
5.373220806615062184e-01
5.207516970216977681e-01
5.376755539867159595e-01
5.337724313753456906e-01
5.074717719416289574e-01
5.200917514899771055e-01
5.204825456500484782e-01
4.985051275608540777e-01
5.541867481802003059e-01
5.205327663530520121e-01
5.154331523837363260e-01
5.314050686912223931e-01
5.389593302311088685e-01
5.568916588508456833e-01
5.197907450064446211e-01
