2.843915737441221614e-01
4.752786105103310454e-01
3.894155165697353871e-01
3.784380678797463204e-01
3.002612074602391545e-01
3.919166768313124272e-01
3.665834186572229370e-01
3.178756849490848024e-01
3.730358192233736991e-01
4.043544824507213087e-01
2.785975535622745025e-01
4.325205159281196865e-01
3.354427297943678998e-01
3.474882656431829142e-01
2.280705648906441452e-01
5.275185446557957292e-01
4.559110322612650590e-01
2.258517510273778395e-01
3.810754904778050345e-01
3.905196317707925746e-01
3.981673927886309472e-01
2.647421696124521162e-01
3.242675309097383662e-01
3.645994675637808657e-01
4.521739306882808229e-01
4.553570076856094384e-01
4.662432948940524180e-01
5.108764231103004594e-01
4.285018385545920627e-01
3.703714551561697599e-01
3.961909398709755337e-01
5.795260371335619887e-01
5.948512142465122166e-01
4.331866683149750430e-01
3.815248753340111931e-01
2.893985893395509823e-01
3.352658226876474301e-01
3.249423828550910831e-01
3.443562900536910054e-01
4.742684980165081110e-01
3.793057270717105078e-01
2.968191395147994904e-01
4.180449057131592205e-01
4.002291392804150916e-01
3.233516330916427206e-01
4.666654858463682443e-01
4.459941918696330165e-01
3.719288897580795838e-01
2.389403055042342294e-01
3.676961726755467175e-01
6.342439444023647566e-01
6.589558872698554337e-01
6.944467654141596169e-01
5.098784858419241894e-01
5.467880071077595439e-01
4.965150709380954930e-01
3.990684808115427251e-01
5.163508165381298642e-01
6.792350678012705201e-01
7.177629592082808152e-01
5.359566612311694733e-01
7.309227129713308235e-01
5.794394325213707564e-01
5.748492651294685452e-01
4.683228704806056131e-01
6.576658271539225220e-01
5.726545165327640019e-01
7.033022953027502355e-01
6.707783268951130751e-01
5.040720616622025307e-01
6.652154853341359919e-01
7.047085117112167341e-01
7.868774017455332226e-01
6.289316985567575680e-01
5.642871371458305640e-01
5.385033232477706155e-01
6.851257419135984295e-01
6.632023458057493270e-01
6.452519162212766446e-01
5.932832520545240351e-01
4.602519785135532060e-01
6.115476122229922540e-01
5.223458923695496470e-01
5.603816021963334837e-01
7.362907027256165859e-01
6.621015812573385340e-01
5.632226444869057325e-01
6.917444320022729798e-01
6.384216276885773533e-01
5.283210513918239482e-01
6.002992253164785019e-01
6.116666816962103015e-01
5.019534992916558913e-01
7.418501339319850674e-01
6.228746787799311901e-01
5.606369181875895391e-01
6.435185077552131316e-01
6.884508991268720735e-01
7.538901272579894286e-01
5.732085618705011765e-01
