6.162391548903061594e-02
6.048796810421948056e-01
6.053557841229261216e-01
1.150513690437630215e-01
9.795695982369659327e-02
1.905903343325627067e-02
3.871935330042407162e-08
5.272944974434793375e-01
1.071641904732893169e-01
2.238367552464365015e-02
1.133818401659236197e-01
1.322096958539942246e-01
6.894627907741248014e-03
2.979540998265432505e-01
3.119748105052679975e-03
6.957643340269370480e-02
2.480807931599827987e-01
6.690340108127057484e-01
6.571842329756432122e-01
8.227551692333993916e-02
5.158042529944293492e-02
4.680143614011701009e-02
5.689821863695573301e-01
6.439194139567882003e-01
1.346114521751585746e-01
3.293513310152709206e-01
1.553648531541607092e-02
3.272176637052428422e-02
2.963069974300973006e-02
1.972130872159478798e-01
3.299479026391372027e-02
1.847281451100411531e-01
5.104753564547623995e-02
2.516936724491151689e-01
4.053097681124297469e-01
5.007484866558084002e-01
6.880660175541680745e-02
9.451180029015404660e-01
3.169660334385233091e-01
8.599453265069374741e-02
2.846877471988988328e-01
9.152471216280432253e-01
1.977353923890414478e-01
1.343264358888901777e-01
7.939159092392264081e-04
5.778242549591120630e-02
4.240560689444523024e-01
9.402456921319832239e-02
7.690604985149433748e-02
6.168790916165555194e-01
8.909570174091596684e-01
3.956286568812480975e-01
7.609474808329923512e-01
8.343763411288300791e-01
7.273790799991564082e-01
9.860844854720663966e-01
5.385272598199720706e-01
4.893947412286394627e-01
8.166151050477176154e-01
8.877056439274945143e-01
9.317912528482409362e-01
8.255501356163158500e-01
2.597038690571766839e-01
9.790245634104655093e-01
9.156122032100035835e-01
9.419300737527570577e-01
9.101277070210087583e-01
8.270696437726560157e-01
6.881942526489731593e-01
9.182383228946939813e-01
9.910488696733734670e-01
5.662167894596250584e-01
8.443637702663917555e-01
7.792128150709319856e-01
9.102252996054610579e-01
9.319032736499706093e-01
9.769546346480697530e-01
8.586693531147118197e-01
9.830833045893431210e-01
4.748240518419742928e-01
2.275697924237362058e-01
9.950244500848012263e-01
8.824186277671464129e-01
9.752987402038503228e-01
8.257180666971677407e-01
9.407480118178406236e-01
9.419868846814299923e-01
8.530695142675531750e-01
8.902760775467886134e-01
9.307810731353821643e-01
4.645490332292926405e-01
7.525980650207821920e-01
7.167322393843705841e-01
7.660901080304073352e-01
8.790764865208455792e-01
8.859814324756648540e-01
9.226029691285440038e-01
8.745839080203956506e-01
9.501455362742673438e-01
7.261190624832049023e-01
